- model_key: xgboost
  model_name: XGBClassifier
  best_params:
    colsample_bytree: 1.0
    gamma: 0
    learning_rate: 0.1
    max_depth: 6
    n_estimators: 200
    reg_alpha: 0.1
    reg_lambda: 1.5
    subsample: 0.8
    tree_method: hist
  scores:
    train:
      accuracy: 0.9923529411764705
      precision: 0.9873835403726708
      recall: 0.9974509803921568
      f1: 0.9923917284432305
      roc_auc: 0.9995753940792003
    val:
      accuracy: 0.9758024691358025
      precision: 0.956953642384106
      recall: 0.8892307692307693
      f1: 0.9218500797448166
      roc_auc: 0.996731221719457
    test:
      accuracy: 0.9027640671273445
      precision: 0.6984615384615385
      recall: 0.696319018404908
      f1: 0.6973886328725039
      roc_auc: 0.933610609888127
- model_key: mlp
  model_name: MLPClassifier
  best_params:
    activation: tanh
    alpha: 0.0001
    hidden_layer_sizes:
    - 100
    - 50
    learning_rate_init: 0.01
    max_iter: 200
    solver: adam
  scores:
    train:
      accuracy: 1.0
      precision: 1.0
      recall: 1.0
      f1: 1.0
      roc_auc: 1.0
    val:
      accuracy: 1.0
      precision: 1.0
      recall: 1.0
      f1: 1.0
      roc_auc: 1.0
    test:
      accuracy: 0.9096742349457059
      precision: 0.712166172106825
      recall: 0.7361963190184049
      f1: 0.7239819004524887
      roc_auc: 0.9307885239985564
- model_key: random_forest
  model_name: RandomForestClassifier
  best_params:
    bootstrap: false
    max_depth: 20
    min_samples_leaf: 1
    min_samples_split: 2
    n_estimators: 200
  scores:
    train:
      accuracy: 1.0
      precision: 1.0
      recall: 1.0
      f1: 1.0
      roc_auc: 1.0
    val:
      accuracy: 1.0
      precision: 1.0
      recall: 1.0
      f1: 1.0
      roc_auc: 1.0
    test:
      accuracy: 0.8983218163869694
      precision: 0.7222222222222222
      recall: 0.598159509202454
      f1: 0.6543624161073825
      roc_auc: 0.9257686755683869
- model_key: logistic_regression
  model_name: LogisticRegression
  best_params:
    C: 1.0
    max_iter: 100
    penalty: l2
    solver: liblinear
  scores:
    train:
      accuracy: 0.8288235294117647
      precision: 0.839336301092675
      recall: 0.8133333333333334
      f1: 0.8261302529376618
      roc_auc: 0.9008430219146483
    val:
      accuracy: 0.8701234567901235
      precision: 0.6068965517241379
      recall: 0.5415384615384615
      f1: 0.5723577235772358
      roc_auc: 0.8581357466063347
    test:
      accuracy: 0.8484698914116485
      precision: 0.5205183585313174
      recall: 0.7392638036809815
      f1: 0.6108998732572877
      roc_auc: 0.8800126308191988
