- model_key: mlp
  model_name: MLPClassifier
  best_params:
    activation: tanh
    alpha: 0.0001
    hidden_layer_sizes:
    - 100
    - 50
    learning_rate_init: 0.01
    max_iter: 200
    solver: adam
  scores:
    train:
      accuracy: 0.999313725490196
      precision: 0.9988246816846229
      recall: 0.9998039215686274
      f1: 0.9993140617344439
      roc_auc: 0.9999983083429451
    val:
      accuracy: 0.9960493827160494
      precision: 0.9968652037617555
      recall: 0.9784615384615385
      f1: 0.9875776397515528
      roc_auc: 0.9994588235294117
    test:
      accuracy: 0.9195459032576505
      precision: 0.7800687285223368
      recall: 0.696319018404908
      f1: 0.7358184764991896
      roc_auc: 0.9343468062071454
- model_key: xgboost
  model_name: XGBClassifier
  best_params:
    colsample_bytree: 1.0
    gamma: 0.1
    learning_rate: 0.1
    max_depth: 6
    n_estimators: 200
    reg_alpha: 0
    reg_lambda: 1.5
    subsample: 0.8
    tree_method: hist
  scores:
    train:
      accuracy: 0.9941176470588236
      precision: 0.9908453447604207
      recall: 0.9974509803921568
      f1: 0.9941371897596247
      roc_auc: 0.9996456362937332
    val:
      accuracy: 0.9866666666666667
      precision: 0.9869281045751634
      recall: 0.9292307692307692
      f1: 0.9572107765451664
      roc_auc: 0.9987348416289593
    test:
      accuracy: 0.9047384007897334
      precision: 0.7046153846153846
      recall: 0.7024539877300614
      f1: 0.7035330261136713
      roc_auc: 0.9339805124503789
- model_key: random_forest
  model_name: RandomForestClassifier
  best_params:
    bootstrap: false
    max_depth: 20
    min_samples_leaf: 1
    min_samples_split: 2
    n_estimators: 200
  scores:
    train:
      accuracy: 1.0
      precision: 1.0
      recall: 1.0
      f1: 1.0
      roc_auc: 1.0
    val:
      accuracy: 0.9995061728395062
      precision: 0.9969325153374233
      recall: 1.0
      f1: 0.9984639016897081
      roc_auc: 1.0
    test:
      accuracy: 0.8983218163869694
      precision: 0.7142857142857143
      recall: 0.6134969325153374
      f1: 0.6600660066006601
      roc_auc: 0.9289020209310718
- model_key: logistic_regression
  model_name: LogisticRegression
  best_params:
    C: 1.0
    max_iter: 100
    penalty: l2
    solver: liblinear
  scores:
    train:
      accuracy: 0.827156862745098
      precision: 0.8383694990874062
      recall: 0.8105882352941176
      f1: 0.824244840992922
      roc_auc: 0.9033105728565936
    val:
      accuracy: 0.8790123456790123
      precision: 0.65748031496063
      recall: 0.5138461538461538
      f1: 0.5768566493955095
      roc_auc: 0.8573031674208145
    test:
      accuracy: 0.8464955577492597
      precision: 0.5160599571734475
      recall: 0.7392638036809815
      f1: 0.6078184110970997
      roc_auc: 0.8786557199566943
